function mpc = GB_29bus

mpc.version = '2';
mpc.baseMVA = 100;

%% GBreducednetwork Case in Matpower Format
%It is reduced model of GB network.
%Network consists of 29 buses, 99 transmission lines and 66 generators

%% Bus Data

%	bus_i	type	Pd	Qd	Gs	Bs	area	Vm	Va	baseKV	zone	Vmax	Vmin
mpc.bus = [
    1	2	385.87	87.02	0	0	1	1	0	275	1	1.01	0.99;
    2	2	440.56	147.98	0	0	1	1	0	275	1	1.01	0.99;
    3	2	460.23	137.84	0	-10	1	1	0	132	1	1.01	0.99;
    4	2	1018.24	474.48	0	150	1	1	0	275	1	1.01	0.99;
    5	2	391.78	34.20	0	0	1	1	0	400	1	1.01	0.99;	    % Western HVDC Link 1 GB-GB
    6	2	999.40	195.30	0	450	1	1	0	400	1	1.01	0.99;	 %IC ireland ON***
    7	2	584.73	38.20	0	-300	1	1	0	400	1	1.01	0.99;
    8	2	91.88	22.87	0	0	1	1	0	400	1	1.01	0.99;
    9	2	104.86	132.38	0	675	1	1	0	400	1	1.01	0.99;
    10	2	2116.46	843.62	0	450	1	1	0	400	1	1.01	0.99;
    11	2	2678.65	1256.93	0	0	1	1	0	400	1	1.01	0.99;	     % Western HVDC Link 2 GB-GB
    12	2	1095.77	348.04	0	-222	1	1	0	400	1	1.01	0.99;
    13	2	2341.48	1144.98	0	450	1	1	0	400	1	1.01	0.99;
    14	2	1492.09	470.82	0	-200	1	1	0	400	1	1.01	0.99;
    15	2	2148.75	1188.21	0	0	1	1	0	400	1	1.01	0.99;
    16	3	1347.90	2435.70	0	25	1	1	0	400	1	1.01	0.99;
    17	2	887.53	725.42	0	700	1	1	0	400	1	1.01	0.99;
    18	2	5047.33	2673.71	0	2033	1	1	0	400	1	1.01	0.99;
    19	2	1656.91	1178.06	0	0	1	1	0	400	1	1.01	0.99;
    20	2	821.68	556.67	0	-200	1	1	0	400	1	1.01	0.99;
    21	2	580.54	592.57	0	1125	1	1	0	400	1	1.01	0.99;
    22	2	1656.91	1185.3	0	1600	1	1	0	400	1	1.01	0.99;
    23	2	4070.00	1310.19	0	-663	1	1	0	400	1	1.01	0.99;
    24	2	1170.29	721.62	0	0	1	1	0	400	1	1.01	0.99;
    25	2	12359.8	1924.56	0	-1425	1	1	0	400	1	1.01	0.99;
    26	2	1173.03	860.76	0	0	1	1	0	400	1	1.01	0.99;	      %IC  NETHERLANDS ON***
    27	2	374.4	200.39	0	700	1	1	0	400	1	1.01	0.99;	      %IC FRANCE IFA1 ON***
    28	2	2262.50	634.10	0	-50	1	1	0	400	1	1.01	0.99;
    29	2	2209.78	161.61	0	475	1	1	0	400	1	1.01	0.99;
    % GB-GB Interconectors
    30	2	0	0	0	0	1	1	0	551	1	1.01	0.99;	% Catithness Moray 1
    31	2	0	0	0	0	1	1	0	551	1	1.01	0.99;	% Catithness Moray 2
    32	2	0	0	0	0	1	1	0	551	1	1.01	0.99;	% xxx NorthConnect Norway      xxxx 
    33	2	0	0	0	0	1	1	0	551	1	1.01	0.99;	% Eastern Link 1 Scotland
    34	2	0	0	0	0	1	1	0	551	1	1.01	0.99;	% Eastern Link 2 England
    % International Interconectors
    35	2	0	0	0	0	1	1	0	551	1	1.01	0.99;	% NeuConnect
    36	2	0	0	0	0	1	1	0	551	1	1.01	0.99;	% NSL
    37	2	0	0	0	0	1	1	0	551	1	1.01	0.99;	% Viking
    38	2	0	0	0	0	1	1	0	551	1	1.01	0.99;	% NEMO      %IC  BELGIUM ON***
    39	2	0	0	0	0	1	1	0	551	1	1.01	0.99;	% ElecLink
    40	2	0	0	0	0	1	1	0	551	1	1.01	0.99;	% GridLink
    41	2	0	0	0	0	1	1	0	551	1	1.01	0.99;	% IFA2
    42	2	0	0	0	0	1	1	0	551	1	1.01	0.99;	% AQUIND
    43	2	0	0	0	0	1	1	0	551	1	1.01	0.99;	% FABLink
    44	2	0	0	0	0	1	1	0	551	1	1.01	0.99;	% GreenLink
    45	2	0	0	0	0	1	1	0	551	1	1.01	0.99;	% EWIC            %IC    ireland ON***
    ];
%% Generator Data

%	bus	Pg	Qg	Qmax	Qmin	Vg	mBase	status	Pmax	Pmin	Pc1	Pc2	Qc1min	Qc1max	Qc2min	Qc2max	ramp_agc	ramp_10	ramp_30	ramp_q	apf
mpc.gen = [
    1	0	0	201	-201	1	100	1	416	0	0	0	0	0	0	0	0	0	0	0	0 ;
    1	0	0	0	0	1	100	1	4673	0	0	0	0	0	0	0	0	0	0	0	0;
    1	0	0	150	-150	1	100	1	0	0	0	0	0	0	0	0	0	0	0	0	0; %SVC
    2	0	0	170	-170	1	100	1	270	0	0	0	0	0	0	0	0	0	0	0	0;
    2	0	0	0	0	1	100	1	1404	0	0	0	0	0	0	0	0	0	0	0	0;
    32	0	0	460	-460	1	100	1	1400	-1400	0	0	0	0	0	0	0	0	0	0	0;   %IC  NorthConnect
    3	0	0	94	-94	1	100	1	194	0	0	0	0	0	0	0	0	0	0	0	0;
    3	0	0	0	0	1	100	1	3665	0	0	0	0	0	0	0	0	0	0	0	0;
    5	0	0	349	-349	1	100	0	563	0	0	0	0	0	0	0	0	0	0	0	0;    %Nuc OFF
    5	0	0	0	0	1	100	1	606	0	0	0	0	0	0	0	0	0	0	0	0;
    6	0	0	0	0	1	100	1	3937	0	0	0	0	0	0	0	0	0	0	0	0;
    6	0	0	0	0	1	100	1	250	-500	0	0	0	0	0	0	0	0	0	0	0; %IC  ireland ON***
    7	0	0	88	-88	1	100	1	139	0	0	0	0	0	0	0	0	0	0	0	0;
    7	0	0	742	-742	1	100	1	1200	0	0	0	0	0	0	0	0	0	0	0	0;
    7	0	0	0	0	1	100	1	1131	0	0	0	0	0	0	0	0	0	0	0	0;
    8	0	0	0	0	1	100	1	254	0	0	0	0	0	0	0	0	0	0	0	0;
    9	0	0	0	0	1	100	1	747	0	0	0	0	0	0	0	0	0	0	0	0;
    10	0	0	180	-180	1	100	1	287	0	0	0	0	0	0	0	0	0	0	0	0;
    10	0	0	445	-445	1	100	1	719	0	0	0	0	0	0	0	0	0	0	0	0;
    10	0	0	0	0	1	100	1	4000	0	0	0	0	0	0	0	0	0	0	0	0;
    35	0	0	460	-460	1	100	1	1400	-1400	0	0	0	0	0	0	0	0	0	0	0; % NeuConnect
    36	0	0	460	-460	1	100	1	1400	-1400	0	0	0	0	0	0	0	0	0	0	0;  %NSL
    11	0	0	66	-66	1	100	1	104	0	0	0	0	0	0	0	0	0	0	0	0;
    11	0	0	1141	-1141	1	100	1	1840	0	0	0	0	0	0	0	0	0	0	0	0;
    11	0	0	0	0	1	100	1	1646	0	0	0	0	0	0	0	0	0	0	0	0;
    12	0	0	587	-587	1	100	1	930	0	0	0	0	0	0	0	0	0	0	0	0;
    12	0	0	205	-205	1	100	1	423	0	0	0	0	0	0	0	0	0	0	0	0;
    12	0	0	1032	-1032	1	100	0	1666	0	0	0	0	0	0	0	0	0	0	0	0;  %Nuc OFF
    12	0	0	0	0	1	100	1	1574	0	0	0	0	0	0	0	0	0	0	0	0;
    45	0	0	164	-164	1	100	1	500	-500	0	0	0	0	0	0	0	0	0	0	0;   %IC   % EWIC IRELAND ON***
    13	0	0	1651	-1651	1	100	1	2618	0	0	0	0	0	0	0	0	0	0	0	0;
    13	0	0	0	0	1	100	1	254	0	0	0	0	0	0	0	0	0	0	0	0;
    14	0	0	544	-544	1	100	1	863	0	0	0	0	0	0	0	0	0	0	0	0;
    15	0	0	1449	-1449	1	100	1	2296	0	0	0	0	0	0	0	0	0	0	0	0;
    15	0	0	3818	-3818	1	100	1	5093	0	0	0	0	0	0	0	0	0	0	0	0;
    16	0	0	3499	-3499	1	100	1	7097	0	0	0	0	0	0	0	0	0	0	0	0;
    16	0	0	0	0	1	100	1	4657	0	0	0	0	0	0	0	0	0	0	0	0;
    17	0	0	3846	-3846	1	100	1	5127	0	0	0	0	0	0	0	0	0	0	0	0;
    17	0	0	150	-75	1	100	1	0	0	0	0	0	0	0	0	0	0	0	0	0;
    18	0	0	1032	-1032	1	100	0	1666	0	0	0	0	0	0	0	0	0	0	0	0;
    18	0	0	300	-150	1	100	1	0	0	0	0	0	0	0	0	0	0	0	0	0;
    19	0	0	1693	-1693	1	100	1	2684	0	0	0	0	0	0	0	0	0	0	0	0;
    19	0	0	0	0	1	100	1	1721	0	0	0	0	0	0	0	0	0	0	0	0;
    37	0	0	460	-460	1	100	1	1400	-1400	0	0	0	0	0	0	0	0	0	0	0;  % Viking
    20	0	0	172	-172	1	100	1	273	0	0	0	0	0	0	0	0	0	0	0	0;
    20	0	0	595	-595	1	100	1	960	0	0	0	0	0	0	0	0	0	0	0	0;
    20	0	0	418	-418	1	100	1	676	0	0	0	0	0	0	0	0	0	0	0	0;
    20	0	0	0	0	1	100	1	8850	0	0	0	0	0	0	0	0	0	0	0	0;
    21	0	0	300	-150	1	100	1	0	0	0	0	0	0	0	0	0	0	0	0	0;
    22	0	0	315	-315	1	100	1	499	0	0	0	0	0	0	0	0	0	0	0	0;
    22	0	0	150	-75	1	100	1	0	0	0	0	0	0	0	0	0	0	0	0	0;
    23	0	0	2195	-2195	1	100	1	4453	0	0	0	0	0	0	0	0	0	0	0	0;
    23	0	0	31	-31	1	100	1	65	0	0	0	0	0	0	0	0	0	0	0	0;
    23	0	0	418	-418	1	100	1	676	0	0	0	0	0	0	0	0	0	0	0	0;
    23	0	0	0	0	1	100	1	228	0	0	0	0	0	0	0	0	0	0	0	0;
    44	0	0	164	-164	1	100	1	500	-500	0	0	0	0	0	0	0	0	0	0	0;   % GreenLink
    24	0	0	660	-660	1	100	1	1045	0	0	0	0	0	0	0	0	0	0	0	0;
    25	0	0	1365	-1365	1	100	1	2163	0	0	0	0	0	0	0	0	0	0	0	0;
    25	0	0	202	-202	1	100	1	327	0	0	0	0	0	0	0	0	0	0	0	0;
    26	0	0	1613	-1613	1	100	1	2555	0	0	0	0	0	0	0	0	0	0	0	0;
    26	0	0	616	-616	1	100	0	994	0	0	0	0	0	0	0	0	0	0	0	0;
    26	0	0	0	0	1	100	1	1000	-1000	0	0	0	0	0	0	0	0	0	0	0; %IC  NETHERLANDS ON***
    38	0	0	329	-329	1	100	1	1000	-1000	0	0	0	0	0	0	0	0	0	0	0; %IC    % NEMO belgium ON***
    27	0	0	398	-398	1	100	0	643	0	0	0	0	0	0	0	0	0	0	0	0;
    27	0	0	0	0	1	100	1	930	0	0	0	0	0	0	0	0	0	0	0	0;
    27	0	0	0	0	1	100	1	2000	-2000	0	0	0	0	0	0	0	0	0	0	0; %IC FRANCE IFA1 ON***
    39	0	0	329	-329	1	100	1	1000	-1000	0	0	0	0	0	0	0	0	0	0	0;   % ElecLink
    40	0	0	460	-460	1	100	1	1400	-1400	0	0	0	0	0	0	0	0	0	0	0;   % GridLink
    27	0	0	675	-675	1	100	1	0	0	0	0	0	0	0	0	0	0	0	0	0;
    28	0	0	629	-629	1	100	1	996	0	0	0	0	0	0	0	0	0	0	0	0;
    28	0	0	141	-141	1	100	1	228	0	0	0	0	0	0	0	0	0	0	0	0;
    28	0	0	0	0	1	100	1	400	0	0	0	0	0	0	0	0	0	0	0	0;
    42	0	0	657	-657	1	100	1	2000	-2000	0	0	0	0	0	0	0	0	0	0	0;    % AQUIND
    41	0	0	329	-329	1	100	1	1000	-1000	0	0	0	0	0	0	0	0	0	0	0;   % IFA2
    28	0	0	375	-300	1	100	1	0	0	0	0	0	0	0	0	0	0	0	0	0;
    29	0	0	385	-385	1	100	1	610	0	0	0	0	0	0	0	0	0	0	0	0;
    29	0	0	538	-538	1	100	1	868	0	0	0	0	0	0	0	0	0	0	0	0;
    29	0	0	198	-198	1	100	1	316	0	0	0	0	0	0	0	0	0	0	0	0;
    43	0	0	460	-460	1	100	1	1400	-1400	0	0	0	0	0	0	0	0	0	0	0;    % FABLink
